0.6091870047497754	-0.5877287643449027	0.0000000000000000	0.8464832586616164	0.0000000000000000	-0.7674721385015937
0.6571831837905271	0.8257731614421624	0.0000000000000000	1.0553629949999372	0.0000000000000000	0.8985972179927619
0.3137364567118582	0.2851757980178121	0.0000000000000000	0.4239761786294221	0.0000000000000000	0.7377467119435972
-0.0941497543910390	-0.3055663221092226	0.0000000000000000	0.3197420107825216	0.0000000000000000	-1.8696819067054837
-0.1622074087335336	0.7667700295371180	0.0000000000000000	0.7837394475489928	0.0000000000000000	1.7792691053533283
0.7145367280183051	0.9192684073788860	0.0000000000000000	1.1643097270451790	0.0000000000000000	0.9100581106129529
0.9326011154202775	0.9049221695537125	0.0000000000000000	1.2994725750984295	0.0000000000000000	0.7703361214999483
0.6030165522804893	0.8458397556104874	0.0000000000000000	1.0387847970082433	0.0000000000000000	0.9514513780900161
-0.6633184976808690	0.6564629467127908	0.0000000000000000	0.9332389992774870	0.0000000000000000	2.3613889027509107
-0.3316438070378026	-0.1006834072028389	0.0000000000000000	0.3465901949457023	0.0000000000000000	-2.8468464722118352
-0.3548262216659788	0.9908329780412412	0.0000000000000000	1.0524503018935520	0.0000000000000000	1.9146768687320592
-0.7095320156181288	0.8658293811132030	0.0000000000000000	1.1194177943850976	0.0000000000000000	2.2573044554456896
-0.9552752011702281	0.8757602174785697	0.0000000000000000	1.2959578189466396	0.0000000000000000	2.3995934628330806
0.3551505752281257	0.8645492500212379	0.0000000000000000	0.9346535918708886	0.0000000000000000	1.1810206072374512
-0.0768202549829806	0.1491936635458223	0.0000000000000000	0.1678097161009284	0.0000000000000000	2.0462950775229785
-0.7822497075030290	-0.8174763296988509	0.0000000000000000	1.1314513487138891	0.0000000000000000	-2.3341776390223248
-0.6761177326317559	0.7571554723701289	0.0000000000000000	1.0150958564190575	0.0000000000000000	2.2997142946111735
-0.3589436192851145	0.2674431112824360	0.0000000000000000	0.4476229882366708	0.0000000000000000	2.5012452811378778
0.0869606489015061	0.4546640277401476	0.0000000000000000	0.4629055331039636	0.0000000000000000	1.3818151533212784
-0.6371018726568188	-0.1691961140382122	0.0000000000000000	0.6591859533913454	0.0000000000000000	-2.8820129782266291
0.5545673125669341	-0.2880851526263560	0.0000000000000000	0.6249303635857859	0.0000000000000000	-0.4791077905984329
0.1464930333656582	-0.4607428762271463	0.0000000000000000	0.4834709989427859	0.0000000000000000	-1.2629543899600582
0.8245575184111327	0.8175160829475172	0.0000000000000000	1.1611320540946999	0.0000000000000000	0.7811100533525058
0.0140338143822113	-0.1662267838779162	0.0000000000000000	0.1668181393749188	0.0000000000000000	-1.4865703495719929
0.7182104764497133	-0.2787714707202015	0.0000000000000000	0.7704153563952553	0.0000000000000000	-0.3702469754068198
0.2872041491708034	-0.1554167949773413	0.0000000000000000	0.3265587289630367	0.0000000000000000	-0.4960131573829536
0.8957331340199570	0.3936133277372077	0.0000000000000000	0.9784013998117402	0.0000000000000000	0.4140304593575985
0.2522141945948220	0.6246821732999444	0.0000000000000000	0.6736763448376798	0.0000000000000000	1.1870630741468520
-0.1096551611018983	0.2743333962080180	0.0000000000000000	0.2954370772792553	0.0000000000000000	1.9510569512507803
-0.1584493002004660	-0.6808837479901234	0.0000000000000000	0.6990771481110617	0.0000000000000000	-1.7994382047918109
0.8073651962542197	-0.8958993971297995	0.0000000000000000	1.2060158746468277	0.0000000000000000	-0.8373305498641614
0.0144008386388609	0.5336647353156028	0.0000000000000000	0.5338590018656376	0.0000000000000000	1.5438180691989329
0.4467373006206392	0.1448279893327407	0.0000000000000000	0.4696268329854884	0.0000000000000000	0.3134995608513766
0.8337600659563615	0.6162390658671280	0.0000000000000000	1.0367769450968451	0.0000000000000000	0.6364939638475156
-0.0892187674766183	0.8252915329197730	0.0000000000000000	0.8301000558842986	0.0000000000000000	1.6784838755537985
0.9476393079011162	0.3897383824490704	0.0000000000000000	1.0246542171061048	0.0000000000000000	0.3901864768815296
-0.3337044206588654	0.5502939448828000	0.0000000000000000	0.6435697834282955	0.0000000000000000	2.1159166261615594
-0.1170894695739580	0.8313830046889080	0.0000000000000000	0.8395877824091222	0.0000000000000000	1.7107130619142807
-0.5007857575132124	-0.8646284530573179	0.0000000000000000	0.9991840354831399	0.0000000000000000	-2.0957751902648836
0.5643535355542583	0.4901376633162580	0.0000000000000000	0.7474823356399219	0.0000000000000000	0.7151332870957535
0.9050482815776479	0.5292269502428849	0.0000000000000000	1.0484243209931934	0.0000000000000000	0.5291307648462148
0.5785984469895668	0.6613946305451047	0.0000000000000000	0.8787599331857558	0.0000000000000000	0.8520706844979635
0.2197676198452750	0.1842589967817702	0.0000000000000000	0.2867911864536317	0.0000000000000000	0.6977365614915280
-0.8619921464834785	-0.6455802557235013	0.0000000000000000	1.0769421187692567	0.0000000000000000	-2.4987703959201637
0.6126050674981939	0.3032794471632437	0.0000000000000000	0.6835666696059057	0.0000000000000000	0.4596919774365631
-0.8355075306412104	0.6613393064333482	0.0000000000000000	1.0655714485626551	0.0000000000000000	2.4720303452398076
0.2740990659069439	0.8343533813881798	0.0000000000000000	0.8782231282339066	0.0000000000000000	1.2533869379633098
0.6566127081644050	0.3866813296359853	0.0000000000000000	0.7620122697253946	0.0000000000000000	0.5322201353797904
0.5953345139269385	0.9876745562437083	0.0000000000000000	1.1532234009609024	0.0000000000000000	1.0283470647287547
0.8529208866550098	0.8737560725068572	0.0000000000000000	1.2210338705928581	0.0000000000000000	0.7974642158240747
0.2053167788863511	0.0312089596566836	0.0000000000000000	0.2076751763093493	0.0000000000000000	0.1508492141577146
0.2642574377431542	0.7938643359396005	0.0000000000000000	0.8366914468783578	0.0000000000000000	1.2494585026982463
0.6507592374513624	-0.4774034791810245	0.0000000000000000	0.8070945837152085	0.0000000000000000	-0.6329287195603237
0.2411035110127729	-0.2724720276620295	0.0000000000000000	0.3638295052369229	0.0000000000000000	-0.8464010607711419
0.3314114147419006	0.1840148638489996	0.0000000000000000	0.3790712280542984	0.0000000000000000	0.5068619295024577
-0.3089153815638203	-0.9091870519488798	0.0000000000000000	0.9602342466285066	0.0000000000000000	-1.8983295364519090
0.0318788407443867	0.0438175218533404	0.0000000000000000	0.0541870437334787	0.0000000000000000	0.9418276261130600
0.5215812789401143	0.6250296791299420	0.0000000000000000	0.8140694874112919	0.0000000000000000	0.8753755687378020
-0.9046912358041308	0.5626655016164476	0.0000000000000000	1.0653913360123095	0.0000000000000000	2.5851953524076459
0.3680794094526160	0.6188553560239710	0.0000000000000000	0.7200447231544318	0.0000000000000000	1.0342279359860194
-0.3754975316311363	-0.8105266899884582	0.0000000000000000	0.8932815409739097	0.0000000000000000	-2.0046355330942616
0.6746740461205043	0.8209608973694402	0.0000000000000000	1.0626202819061232	0.0000000000000000	0.8828972357591306
0.0155415941457361	-0.5147582914708184	0.0000000000000000	0.5149928541121195	0.0000000000000000	-1.5406134727676861
0.8430611961398620	0.9734130851094330	0.0000000000000000	1.2877442349702208	0.0000000000000000	0.8570362946949784
0.3209006907461518	0.2122217143327199	0.0000000000000000	0.3847275781064777	0.0000000000000000	0.5842998809291394
0.9302328692216375	0.3449123897259895	0.0000000000000000	0.9921178093184362	0.0000000000000000	0.3550664320398383
0.7166038644488318	0.5936704773346593	0.0000000000000000	0.9305727989801561	0.0000000000000000	0.6918493837376988
-0.5595091663709691	-0.7576317210448454	0.0000000000000000	0.9418366801025065	0.0000000000000000	-2.2068951297045132
0.5994593209886808	-0.7137143609510963	0.0000000000000000	0.9320620508035085	0.0000000000000000	-0.8721864028347166
0.3442179697756031	-0.8436158482328733	0.0000000000000000	0.9111386887330096	0.0000000000000000	-1.1833894074952152
0.5096466368119852	0.7911739073971342	0.0000000000000000	0.9411141515033214	0.0000000000000000	0.9985338958457632
-0.9136751419540879	0.2879092741453976	0.0000000000000000	0.9579634727711451	0.0000000000000000	2.8363306662777372
-0.8901781790465253	0.1500153875876983	0.0000000000000000	0.9027301961071619	0.0000000000000000	2.9746384793237270
0.6508353145994304	0.1938336940097843	0.0000000000000000	0.6790862299172457	0.0000000000000000	0.2894583070081252
0.4938020893535272	0.0448905722328005	0.0000000000000000	0.4958383475743855	0.0000000000000000	0.0906588291222709
0.6335443031561789	0.0596236289852767	0.0000000000000000	0.6363437445241544	0.0000000000000000	0.0938348446445342
0.0531949390179804	0.5946727815873293	0.0000000000000000	0.5970472499710037	0.0000000000000000	1.4815813266544708
0.6472267718823138	0.9538583197575181	0.0000000000000000	1.1527134025471537	0.0000000000000000	0.9746217580981958
-0.4749051963601058	0.4969634553257549	0.0000000000000000	0.6873918980168040	0.0000000000000000	2.3335016372201700
0.1798772581217685	0.9144248542639347	0.0000000000000000	0.9319488409161866	0.0000000000000000	1.3765654362654036
-0.4280961197355405	-0.2257462567207980	0.0000000000000000	0.4839707224162208	0.0000000000000000	-2.6563239007433808
0.8713448827008273	0.0272515642671105	0.0000000000000000	0.8717709288361954	0.0000000000000000	0.0312650991620781
0.4710622464947217	0.3279797748109049	0.0000000000000000	0.5739950982000334	0.0000000000000000	0.6082085893508641
0.0174479807938583	0.3318136775860200	0.0000000000000000	0.3322721003438929	0.0000000000000000	1.5182610422964047
0.9533456049836316	0.3339242294035160	0.0000000000000000	1.0101352550645575	0.0000000000000000	0.3369114696745062
0.4155457089376443	0.9595005286516898	0.0000000000000000	1.0456191948789777	0.0000000000000000	1.1620972199097794
0.1505778963444998	0.7261654194892243	0.0000000000000000	0.7416130522917568	0.0000000000000000	1.3663336536967154
-0.1613515404753421	-0.4235824388923637	0.0000000000000000	0.4532729885530010	0.0000000000000000	-1.9347480734113613
0.2750973726203477	0.7927847364138355	0.0000000000000000	0.8391580320257759	0.0000000000000000	1.2367954055517527
-0.6156944002846431	-0.6699632173893282	0.0000000000000000	0.9099067574188723	0.0000000000000000	-2.3140085929724905
0.6694956033560681	-0.6804279670388522	0.0000000000000000	0.9545714123321162	0.0000000000000000	-0.7934964920209024
0.3918183297560626	-0.7245203068569706	0.0000000000000000	0.8236815395411927	0.0000000000000000	-1.0750462888150676
0.9264716373767637	0.1931432881419333	0.0000000000000000	0.9463899960470099	0.0000000000000000	0.2055281732835163
0.1981801879673357	0.8530748142253702	0.0000000000000000	0.8757922273966688	0.0000000000000000	1.3425324636022029
0.9256585793149247	0.6982463691620131	0.0000000000000000	1.1594791061106962	0.0000000000000000	0.6462626521393653
0.1008661435507753	0.9247082270335019	0.0000000000000000	0.9301931434160585	0.0000000000000000	1.4621469923691595
-0.3840475460035012	-0.2278086069401349	0.0000000000000000	0.4465302665971438	0.0000000000000000	-2.6062043305527101
0.9241025610547514	0.8032376397857163	0.0000000000000000	1.2244003631641402	0.0000000000000000	0.7155403290452064
0.4586825108728406	0.1329833762161822	0.0000000000000000	0.4775711717958573	0.0000000000000000	0.2821879356116546
-0.7060814417362911	0.1089009139688587	0.0000000000000000	0.7144301305429749	0.0000000000000000	2.9885656460827432
0.1460621403476864	0.6256136226536801	0.0000000000000000	0.6424379765337729	0.0000000000000000	1.3414345935010719
-0.7979238266731120	0.4367448190629152	0.0000000000000000	0.9096309527225649	0.0000000000000000	2.6407850987068597
0.0488061184240225	-0.5810129187301463	0.0000000000000000	0.5830592156264605	0.0000000000000000	-1.4869912966630865
0.2525184044723696	0.0600955956355986	0.0000000000000000	0.2595708481553132	0.0000000000000000	0.2336388660389332
0.0925305777674283	0.6510496429811252	0.0000000000000000	0.6575922334150737	0.0000000000000000	1.4296166239106183
0.5309251406284484	0.7689074128385190	0.0000000000000000	0.9343982633060500	0.0000000000000000	0.9664794774373463
-0.6492727388269651	0.3306718856195966	0.0000000000000000	0.7286281529855184	0.0000000000000000	2.6705360813574015
0.7876355953884483	-0.1573875477504911	0.0000000000000000	0.8032064935680168	0.0000000000000000	-0.1972251666221247
0.6873327984733633	0.6799774967666875	0.0000000000000000	0.9668483707212395	0.0000000000000000	0.7800188206216717
-0.1286095735323365	0.8419154979732840	0.0000000000000000	0.8516819407101294	0.0000000000000000	1.7223827729069185
0.9445234657221556	0.2230742902798774	0.0000000000000000	0.9705084833651187	0.0000000000000000	0.2319266400941435
0.7877401940210040	0.6173919449661203	0.0000000000000000	1.0008533493900582	0.0000000000000000	0.6647540134692449
0.7309920255905842	-0.4927865268183703	0.0000000000000000	0.8815826124026821	0.0000000000000000	-0.5931544460155963
-0.3373910817699214	0.7436856720360249	0.0000000000000000	0.8166401415859691	0.0000000000000000	1.9967016044609243
0.5076183326385582	-0.2148356565638480	0.0000000000000000	0.5512084278763973	0.0000000000000000	-0.4003643880511596
-0.4499658315636063	-0.2632634855496173	0.0000000000000000	0.5213222730696064	0.0000000000000000	-2.6122201609037230
0.5861398287566691	0.6180798772677402	0.0000000000000000	0.8518113837805891	0.0000000000000000	0.8119153858328553
-0.1025374527853954	0.4426456148181158	0.0000000000000000	0.4543666686074419	0.0000000000000000	1.7984282392054032
0.7594394581123058	0.5674133990000529	0.0000000000000000	0.9480011898213557	0.0000000000000000	0.6416730977621845
-0.9435286104132703	0.2762466020736972	0.0000000000000000	0.9831370320691111	0.0000000000000000	2.8567725152328145
-0.9529284145018579	0.7078727498974114	0.0000000000000000	1.1870789330168183	0.0000000000000000	2.5026901168636160
0.7789674484670127	0.5032301336131245	0.0000000000000000	0.9273784843026558	0.0000000000000000	0.5735736726880469
0.3929492701641282	-0.2816266281452124	0.0000000000000000	0.4834487424773827	0.0000000000000000	-0.6218461185760027
0.7026752211530081	0.3786836947960092	0.0000000000000000	0.7982191473065438	0.0000000000000000	0.4942944690509306
0.0315568425574113	0.4697468849357623	0.0000000000000000	0.4708056607763394	0.0000000000000000	1.5037187146831492
0.7663121126023894	0.6259851202128247	0.0000000000000000	0.9894905884590321	0.0000000000000000	0.6849492751590603
-0.3111068488883623	0.4336916322435780	0.0000000000000000	0.5337376727413432	0.0000000000000000	2.1930691210389615
-0.2361509666519739	0.6988974163250790	0.0000000000000000	0.7377159870821103	0.0000000000000000	1.8966429259353381
0.3260973415512611	-0.5704725919784583	0.0000000000000000	0.6570985119184340	0.0000000000000000	-1.0515008980702225
-0.2647427448701446	-0.4492996244220197	0.0000000000000000	0.5214967626621918	0.0000000000000000	-2.1032622541038695
0.6279361973978144	-0.2920431345509170	0.0000000000000000	0.6925265774255540	0.0000000000000000	-0.4353268102868072
-0.1719438332661235	0.0894485867323322	0.0000000000000000	0.1938188109205607	0.0000000000000000	2.6619003599696303
0.4296769509149595	-0.5721441137812672	0.0000000000000000	0.7155216062999972	0.0000000000000000	-0.9266591889985973
0.3473678048535629	0.7083392301117933	0.0000000000000000	0.7889289301097729	0.0000000000000000	1.1148601656285386
0.3769936962315089	0.4283088458348983	0.0000000000000000	0.5705897952283390	0.0000000000000000	0.8490337060948585
0.2189242833669092	0.0398697134798933	0.0000000000000000	0.2225251354357155	0.0000000000000000	0.1801422089993352
0.0491429593922389	0.8600247597164730	0.0000000000000000	0.8614276625365616	0.0000000000000000	1.5137170656467061
0.9740304634349958	0.9886209975420515	0.0000000000000000	1.3878425056469605	0.0000000000000000	0.7928321197674364
-0.0029183502937764	-0.3462901207265712	0.0000000000000000	0.3463024176659187	0.0000000000000000	-1.5792235992833408
-0.7558911841370077	-0.4484432454326940	0.0000000000000000	0.8789043330364547	0.0000000000000000	-2.6061406031912409
-0.3457945138570558	0.0127008682661497	0.0000000000000000	0.3460276836733611	0.0000000000000000	3.1048796319157193
-0.3880626542931693	0.2132663029100188	0.0000000000000000	0.4428037258356887	0.0000000000000000	2.6390821900846380
0.9698003790158314	0.9848628423165080	0.0000000000000000	1.3821966550802389	0.0000000000000000	0.7931039231442516
-0.7609574701009770	0.6211565424678727	0.0000000000000000	0.9822890213949871	0.0000000000000000	2.4570016946502502
0.2204503538736847	-0.6351757053042978	0.0000000000000000	0.6723440600851955	0.0000000000000000	-1.2367342431481223
0.6696432589841829	0.9444781144630531	0.0000000000000000	1.1577827961248350	0.0000000000000000	0.9540497672348854
0.2267477593636564	0.3206428557702206	0.0000000000000000	0.3927166756491518	0.0000000000000000	0.9552770701201893
0.9981432073744154	-0.9318696357805352	0.0000000000000000	1.3655295238541834	0.0000000000000000	-0.7510732406714421
0.0952592833431032	-0.9346575515503109	0.0000000000000000	0.9394993718641135	0.0000000000000000	-1.4692281218660082
0.8825277436369482	0.0182838847599710	0.0000000000000000	0.8827171227130687	0.0000000000000000	0.0207146683232535
0.6857984039286866	0.5805096703622949	0.0000000000000000	0.8985048292665290	0.0000000000000000	0.7024427542743653
0.1111471932280522	-0.0363697673560918	0.0000000000000000	0.1169463917357445	0.0000000000000000	-0.3162399865131327
0.3265809031561269	-0.4964519892551750	0.0000000000000000	0.5942387263900696	0.0000000000000000	-0.9889365443978662
-0.9337918717777431	0.5914630824752816	0.0000000000000000	1.1053487403210549	0.0000000000000000	2.5769762067414277
-0.9030064462957298	0.0738510179919515	0.0000000000000000	0.9060213104061572	0.0000000000000000	3.0599907734323692
0.3144569663674784	0.4614506059809611	0.0000000000000000	0.5584083142801812	0.0000000000000000	0.9726266691371249
0.4775955133397619	0.1753165390835808	0.0000000000000000	0.5087566837285928	0.0000000000000000	0.3518105296380219
0.1548015311191423	0.5376214227234369	0.0000000000000000	0.5594643046772539	0.0000000000000000	1.2904421730362490
0.8341097088911388	0.9722442731286485	0.0000000000000000	1.2810144156479717	0.0000000000000000	0.8617210997290190
0.1999569529956425	-0.1886040657466078	0.0000000000000000	0.2748713820452256	0.0000000000000000	-0.7561887013451259
0.6282723425850646	0.6365580095889555	0.0000000000000000	0.8943893089864041	0.0000000000000000	0.7919488826076132
0.2535182074536896	-0.1254191762454271	0.0000000000000000	0.2828452779888918	0.0000000000000000	-0.4594104120143152
0.8207663619911229	-0.7876789174135471	0.0000000000000000	1.1375831828547398	0.0000000000000000	-0.7648299917649256
0.5505397161474991	0.6897809841249984	0.0000000000000000	0.8825484604916719	0.0000000000000000	0.8971924011115562
0.0959658384301467	0.0584430934125807	0.0000000000000000	0.1123611913128045	0.0000000000000000	0.5470101030575579
-0.6307257433683963	0.3195722737297589	0.0000000000000000	0.7070653445647185	0.0000000000000000	2.6726201881685534
0.3017048116745715	0.4619722431651175	0.0000000000000000	0.5517645755597210	0.0000000000000000	0.9922589821481982
-0.8324189564240719	0.0705081138567619	0.0000000000000000	0.8353997325435166	0.0000000000000000	3.0570916768797964
-0.1708748307625961	0.2020905040742733	0.0000000000000000	0.2646484075620704	0.0000000000000000	2.2726931924158542
0.7293674196282831	0.7623683399778107	0.0000000000000000	1.0550745559512573	0.0000000000000000	0.8075170528277303
-0.9382462246301085	0.6071104280210821	0.0000000000000000	1.1175370462962708	0.0000000000000000	2.5672803635229529
0.3306505411595297	0.0003656237633057	0.0000000000000000	0.3306507433075362	0.0000000000000000	0.0011057705001904
0.1474747472678266	-0.1713754582080788	0.0000000000000000	0.2260936725291937	0.0000000000000000	-0.8602172976659952
0.6576080119544996	0.0536934474355280	0.0000000000000000	0.6597963956284250	0.0000000000000000	0.0814689036632127
-0.0558578091685061	-0.0156755449546512	0.0000000000000000	0.0580156664594189	0.0000000000000000	-2.8679970597723408
0.7347967209312096	0.0333136081311348	0.0000000000000000	0.7355515057274866	0.0000000000000000	0.0453061511663717
-0.2613032698813186	0.9720611376789213	0.0000000000000000	1.0065695476400565	0.0000000000000000	1.8334020588021300
0.3467862632547470	-0.1872474071594036	0.0000000000000000	0.3941095074596782	0.0000000000000000	-0.4950949178479528
0.7180187226846149	-0.4339378046020201	0.0000000000000000	0.8389594176052062	0.0000000000000000	-0.5436151459879245
-0.6554734759809633	0.8629004252215658	0.0000000000000000	1.0836247604969746	0.0000000000000000	2.2204236957283818
0.4334923027234355	0.0553885502592265	0.0000000000000000	0.4370165534854321	0.0000000000000000	0.1270842545757992
0.1060403382092259	-0.2750423525483723	0.0000000000000000	0.2947759301959204	0.0000000000000000	-1.2028156656188500
0.6742593280161913	0.8569462895822421	0.0000000000000000	1.0904047801828538	0.0000000000000000	0.9041460686974958
0.6080969180895834	0.9612852028953250	0.0000000000000000	1.1374757593441522	0.0000000000000000	1.0067594915190963
0.0104994319560711	-0.4828098354828269	0.0000000000000000	0.4829239850228548	0.0000000000000000	-1.5490532375800945
0.2929889639911337	0.3982651869549919	0.0000000000000000	0.4944266297044411	0.0000000000000000	0.9365342146335758
-0.9527617086448865	0.8369774072735541	0.0000000000000000	1.2681821847614343	0.0000000000000000	2.4207978597926623
-0.4238305880523585	-0.3138148773158290	0.0000000000000000	0.5273633895081804	0.0000000000000000	-2.5042475873820971
0.8545034545187746	-0.5358835889232956	0.0000000000000000	1.0086363936829918	0.0000000000000000	-0.5601285582282729
-0.9028721542223181	-0.7874748999981679	0.0000000000000000	1.1980379146743119	0.0000000000000000	-2.4243571087448581
-0.7199879517428427	-0.2071374828001060	0.0000000000000000	0.7491919563340348	0.0000000000000000	-2.8614620235686679
-0.9766705449609230	0.6352888964470449	0.0000000000000000	1.1651082933973007	0.0000000000000000	2.5648914114878147
-0.2320683795061648	0.4601425480608623	0.0000000000000000	0.5153512368303391	0.0000000000000000	2.0379100553852796
-0.4649412760899295	0.8718855717016448	0.0000000000000000	0.9881066948227991	0.0000000000000000	2.0606961793633252
-0.2360052068786257	0.4377526058684360	0.0000000000000000	0.4973186117756194	0.0000000000000000	2.0652551328620743
0.1854745777327986	-0.9068056273551093	0.0000000000000000	0.9255794211130957	0.0000000000000000	-1.3690428647775399
0.3900814393374441	0.9540576821851953	0.0000000000000000	1.0307228484186033	0.0000000000000000	1.1826705667369493
0.8410062553079164	0.1717962614423363	0.0000000000000000	0.8583737396452712	0.0000000000000000	0.2015024045201096
-0.4342851585887099	-0.2686465924133211	0.0000000000000000	0.5106609350495787	0.0000000000000000	-2.5876125037124709
0.3126924542580494	0.6116632173890687	0.0000000000000000	0.6869559392396789	0.0000000000000000	1.0982156726152428
0.3960399203865334	0.2044858244989399	0.0000000000000000	0.4457152352800866	0.0000000000000000	0.4766231742870523
-0.6223858921342182	0.2967851331974852	0.0000000000000000	0.6895256442038655	0.0000000000000000	2.6966354153093617
0.3162225608522505	0.3654975810663729	0.0000000000000000	0.4833065173958707	0.0000000000000000	0.8575531041107892
0.6334259537705503	0.2007966687431405	0.0000000000000000	0.6644905876598056	0.0000000000000000	0.3069801642536473
0.0837034416710265	0.8461491485415017	0.0000000000000000	0.8502791587032362	0.0000000000000000	1.4721943238596866
-0.3293604407532831	0.8603108811675201	0.0000000000000000	0.9212019931526590	0.0000000000000000	1.9364216529161808
0.9947595855559018	0.2673452547387385	0.0000000000000000	1.0300583081974877	0.0000000000000000	0.2625497920376390
0.1608453311783760	-0.2683419688260286	0.0000000000000000	0.3128556101387839	0.0000000000000000	-1.0308149530742345
0.6091740295861224	0.7733207652041175	0.0000000000000000	0.9844379128305024	0.0000000000000000	0.9035771619163395
0.4502235042375782	-0.7523865924018454	0.0000000000000000	0.8768048746408891	0.0000000000000000	-1.0315586614220076
-0.1067857498552548	0.3545920256069872	0.0000000000000000	0.3703224284271955	0.0000000000000000	1.8633087672292530
0.2988554340357191	0.3604862004176611	0.0000000000000000	0.4682572702524118	0.0000000000000000	0.8786005399741209
0.9953237330276035	-0.4682058969530110	0.0000000000000000	1.0999482239949194	0.0000000000000000	-0.4396930815345891
-0.7251704561376092	0.0864144334599773	0.0000000000000000	0.7303010644693304	0.0000000000000000	3.0229876405937040
0.5526310010646900	0.2996547831245666	0.0000000000000000	0.6286445835185350	0.0000000000000000	0.4968605371437995
0.1985039052391695	0.6983570602384722	0.0000000000000000	0.7260209253045826	0.0000000000000000	1.2938563820155111
0.1576591694479113	0.5960543664960882	0.0000000000000000	0.6165526916088018	0.0000000000000000	1.3122134716479141
-0.8307288207034387	-0.2511807019631224	0.0000000000000000	0.8678721787141311	0.0000000000000000	-2.8479704364987666
0.6552082090154624	0.8108585312492742	0.0000000000000000	1.0424918967843253	0.0000000000000000	0.8911705834137128
-0.4147091376972060	0.1390440110356050	0.0000000000000000	0.4373978805326216	0.0000000000000000	2.8180904053038889
0.2468334574055769	0.8366708232912785	0.0000000000000000	0.8723215131141135	0.0000000000000000	1.2839158637346983
0.3947587363267357	0.0081783024806272	0.0000000000000000	0.3948434430730057	0.0000000000000000	0.0207142539948410
0.4877722739114473	0.0700099940684277	0.0000000000000000	0.4927709310280033	0.0000000000000000	0.1425564719334678
-0.6542266323622402	-0.1191319287912987	0.0000000000000000	0.6649848892640892	0.0000000000000000	-2.9614704224881665
-0.1655581810787078	0.8672680188479847	0.0000000000000000	0.8829288350929527	0.0000000000000000	1.7594231186230169
0.1349509242989054	-0.6724449515439003	0.0000000000000000	0.6858527282339899	0.0000000000000000	-1.3727403284012238
0.4954179131072092	-0.3235009696048002	0.0000000000000000	0.5916855465217552	0.0000000000000000	-0.5784714901860565
0.4503366239741490	0.1852533294879298	0.0000000000000000	0.4869516105105286	0.0000000000000000	0.3902663826758259
-0.2070292039281173	0.6617004369149344	0.0000000000000000	0.6933314932213342	0.0000000000000000	1.8740223548401915
0.0402453742649577	-0.4381233441722321	0.0000000000000000	0.4399679020773977	0.0000000000000000	-1.4791948457683186
-0.0899323623104628	0.3995589747019334	0.0000000000000000	0.4095548852786408	0.0000000000000000	1.7921860275332662
0.5668434984281657	-0.6513514809662310	0.0000000000000000	0.8634641298092147	0.0000000000000000	-0.8546586774671898
-0.2659338372141480	0.6231609399094525	0.0000000000000000	0.6775325547929585	0.0000000000000000	1.9741481782576027
0.5611641192815721	-0.7935404362571669	0.0000000000000000	0.9719113090937244	0.0000000000000000	-0.9552777254329131
-0.8229113441199002	0.6039024515286030	0.0000000000000000	1.0207258452902412	0.0000000000000000	2.5085008404693783
0.0655353381042242	0.6610438980110526	0.0000000000000000	0.6642845140736624	0.0000000000000000	1.4719800615837619
-0.0922545755501529	-0.9025696624600898	0.0000000000000000	0.9072722316390266	0.0000000000000000	-1.6726558290331519
-0.4795227531348419	0.1937824421990777	0.0000000000000000	0.5171979366535190	0.0000000000000000	2.7575437161283554
0.6178000864549131	0.6658772186753350	0.0000000000000000	0.9083333183223535	0.0000000000000000	0.8228333284765006
-0.4238671830521302	0.9323128302159835	0.0000000000000000	1.0241438386544566	0.0000000000000000	1.9975025981080579
0.3063033874083217	0.3068600406818208	0.0000000000000000	0.4335721966467190	0.0000000000000000	0.7863060014958608
-0.1387473861821630	-0.4939473933016260	0.0000000000000000	0.5130641914242832	0.0000000000000000	-1.8446348322963644
-0.9268389083850805	-0.1604791984060756	0.0000000000000000	0.9406295419651162	0.0000000000000000	-2.9701456757501230
0.6748944624081978	0.0904579037306417	0.0000000000000000	0.6809296349378491	0.0000000000000000	0.1332385860055786
-0.3727790316643654	0.4472860565319456	0.0000000000000000	0.5822619881260676	0.0000000000000000	2.2655882371523814
-0.8058311381325989	0.4523640926005654	0.0000000000000000	0.9241196326550003	0.0000000000000000	2.6300670379613704
0.5266647369261021	0.6465644309164460	0.0000000000000000	0.8339192457592929	0.0000000000000000	0.8872409059494817
-0.8017320627137046	-0.4112936381310009	0.0000000000000000	0.9010753337819243	0.0000000000000000	-2.6675941879702076
-0.2722054381240667	-0.9282808184334863	0.0000000000000000	0.9673681193919191	0.0000000000000000	-1.8560362061262274
0.4641256081099918	0.3368121073095527	0.0000000000000000	0.5734587829423936	0.0000000000000000	0.6277614393284994
-0.9882878822185481	0.7468609378909958	0.0000000000000000	1.2387551003678818	0.0000000000000000	2.4944459242991712
0.7955919996614775	-0.2839151293282173	0.0000000000000000	0.8447333488070699	0.0000000000000000	-0.3427732458968443
0.1846371179322691	0.1696650128793744	0.0000000000000000	0.2507530297198678	0.0000000000000000	0.7431652745911420
0.7225480451839087	-0.8530924959113804	0.0000000000000000	1.1179635433140904	0.0000000000000000	-0.8680610351011737
0.5641846668418291	0.4416025022510285	0.0000000000000000	0.7164615190600228	0.0000000000000000	0.6641194503701894
0.2600429906590336	-0.9479652344569294	0.0000000000000000	0.9829854743229298	0.0000000000000000	-1.3030651951437933
0.7794832714765426	0.4875529572935506	0.0000000000000000	0.9194030980356006	0.0000000000000000	0.5589460329823058
-0.4643672774186254	0.6733916231305822	0.0000000000000000	0.8179812017642133	0.0000000000000000	2.1745046611062975
0.7582503994322414	0.2748172232513462	0.0000000000000000	0.8065160720250613	0.0000000000000000	0.3477103983389988
0.8357235424234457	0.0803465622400926	0.0000000000000000	0.8395769228752026	0.0000000000000000	0.0958455473750207
0.4353740604108484	-0.0042964132012645	0.0000000000000000	0.4353952590980120	0.0000000000000000	-0.0098680057747546
0.3696896259700970	0.4413424603525862	0.0000000000000000	0.5757200594559689	0.0000000000000000	0.8735170916034427
0.3001146160760400	0.0062468858298965	0.0000000000000000	0.3001796235007310	0.0000000000000000	0.0208119949702644
-0.3035574346842657	0.5808933422011402	0.0000000000000000	0.6554267244823812	0.0000000000000000	2.0523364762258605
0.8046644251309359	0.1177209559243187	0.0000000000000000	0.8132300169909096	0.0000000000000000	0.1452676527443842
0.7529514721858954	0.6051184537282499	0.0000000000000000	0.9659732203893518	0.0000000000000000	0.6769698576311071
-0.1951500906269434	-0.6428334016551451	0.0000000000000000	0.6718023073458660	0.0000000000000000	-1.8655324663320676
-0.0769098078480039	0.2067589618629809	0.0000000000000000	0.2206000608655276	0.0000000000000000	1.9269150402949520
0.6103710139407514	-0.5179579295128955	0.0000000000000000	0.8005205752535950	0.0000000000000000	-0.7036779559466911
0.2598690273991582	-0.5496694965910507	0.0000000000000000	0.6080036734132809	0.0000000000000000	-1.1291663960892391
-0.3121755842099717	0.3091904904945064	0.0000000000000000	0.4393772351739114	0.0000000000000000	2.3609985354609444
0.4105618666185724	-0.3100689972799401	0.0000000000000000	0.5144937603076581	0.0000000000000000	-0.6468404710528588
-0.9940825402266088	0.5452182875873078	0.0000000000000000	1.1337826413837107	0.0000000000000000	2.6399296318204888
-0.8825412345827135	-0.8235626895254119	0.0000000000000000	1.2071182768548863	0.0000000000000000	-2.3907498695187979
0.9203446825956524	0.8708346397808907	0.0000000000000000	1.2670387936540877	0.0000000000000000	0.7577641688681833
0.4001524115236434	0.9115179281668221	0.0000000000000000	0.9954832423590680	0.0000000000000000	1.1571312040387940
-0.0421674174049691	0.5957076874493200	0.0000000000000000	0.5971982417730495	0.0000000000000000	1.6414638732996996
0.2937758122441450	0.7816817782778455	0.0000000000000000	0.8350632493118841	0.0000000000000000	1.2113022759833083
-0.0952627683681123	0.0290768197651279	0.0000000000000000	0.0996014883664414	0.0000000000000000	2.8453468842787375
0.1115903733832498	-0.5301615386105527	0.0000000000000000	0.5417782465674694	0.0000000000000000	-1.3633408877531714
0.3735966322309175	0.8463886845432915	0.0000000000000000	0.9251747126555108	0.0000000000000000	1.1551164760856198
0.3928739144202648	0.2497737351837366	0.0000000000000000	0.4655500310595381	0.0000000000000000	0.5662998433520485
0.3433291453593958	-0.3022309282744359	0.0000000000000000	0.4574040184113388	0.0000000000000000	-0.7218210770699646
-0.0232211975966347	-0.8609187966110264	0.0000000000000000	0.8612319074302808	0.0000000000000000	-1.5977623645336441
0.8565376013216209	-0.8959477796220956	0.0000000000000000	1.2395075983177994	0.0000000000000000	-0.8078825374593500
-0.9641681802460583	0.2295652138635622	0.0000000000000000	0.9911208136323335	0.0000000000000000	2.9078481364541786
0.3604434932620764	0.7476741184362131	0.0000000000000000	0.8300217462297822	0.0000000000000000	1.1215820571291986
0.3944709820411555	-0.2653916148253564	0.0000000000000000	0.4754367096597863	0.0000000000000000	-0.5922219791203801
0.9368607426003079	0.9380215572322496	0.0000000000000000	1.3257422422394238	0.0000000000000000	0.7860173033209084
0.9879519676560238	0.1856158686068560	0.0000000000000000	1.0052374550692422	0.0000000000000000	0.1857144841856512
0.6401520952106963	0.6001183695400635	0.0000000000000000	0.8774604050679828	0.0000000000000000	0.7531311442281754
0.1291763004034524	-0.4768793736871567	0.0000000000000000	0.4940652321649215	0.0000000000000000	-1.3062659995030035
-0.2281234651006506	-0.6720155778169777	0.0000000000000000	0.7096796827852789	0.0000000000000000	-1.8980521199107412
-0.7905875274912330	0.2305565608926902	0.0000000000000000	0.8235198639956208	0.0000000000000000	2.8578352274560217
0.0490826014713077	0.9937623209659926	0.0000000000000000	0.9949736942949334	0.0000000000000000	1.5214457452701531
0.5587206602004415	0.2598764954717370	0.0000000000000000	0.6162017275482835	0.0000000000000000	0.4353627233892077
0.1751259047982962	0.2796327643904492	0.0000000000000000	0.3299447915213488	0.0000000000000000	1.0112835205010964
0.8067160152917147	-0.9785589553090259	0.0000000000000000	1.2682146341781559	0.0000000000000000	-0.8813582569608949
-0.7785461280417029	0.4979529477459183	0.0000000000000000	0.9241705533382768	0.0000000000000000	2.5725679821765777
0.1009835429954947	-0.8583167960233457	0.0000000000000000	0.8642368878332517	0.0000000000000000	-1.4536817256193952
-0.7283279794612086	0.1162204497106618	0.0000000000000000	0.7375424317264704	0.0000000000000000	2.9833551411312111
0.3474484065262960	0.2852867354694637	0.0000000000000000	0.4495652529194021	0.0000000000000000	0.6874696153629156
0.1730610824087382	0.9260547609859412	0.0000000000000000	0.9420868105377619	0.0000000000000000	1.3860474200779016
-0.0503524940495049	0.0095178987256791	0.0000000000000000	0.0512441611616164	0.0000000000000000	2.9547715484752572
0.9085444036502496	0.2433303134617519	0.0000000000000000	0.9405650295718962	0.0000000000000000	0.2616829036740979
0.9388999634103251	0.6062262051790396	0.0000000000000000	1.1176060813800579	0.0000000000000000	0.5733302694389331
0.8361675272468246	0.0006951039720783	0.0000000000000000	0.8361678161658707	0.0000000000000000	0.0008312973050372
-0.4319485955369142	0.8752330392775685	0.0000000000000000	0.9760186792420329	0.0000000000000000	2.0292498054615908
-0.3399067900073603	-0.2460352008008651	0.0000000000000000	0.4196068945170345	0.0000000000000000	-2.5150508812141128
0.2882048888700178	-0.1396590150425689	0.0000000000000000	0.3202603604120245	0.0000000000000000	-0.4512376245763626
-0.8175467047072815	0.6655152192622603	0.0000000000000000	1.0541788849371958	0.0000000000000000	2.4583495420794428
0.4264811176806401	0.9695844275908068	0.0000000000000000	1.0592356234401863	0.0000000000000000	1.1564069999226401
0.6644475787625881	-0.8857158381348974	0.0000000000000000	1.1072412252289334	0.0000000000000000	-0.9271791094911164
-0.2953660801583574	0.4928845874430523	0.0000000000000000	0.5746097265510053	0.0000000000000000	2.1106716247576394
-0.0258192482641476	-0.3023405477467260	0.0000000000000000	0.3034409998545285	0.0000000000000000	-1.6559875351460387
0.7836574340088268	0.8407222664433983	0.0000000000000000	1.1493184515925181	0.0000000000000000	0.8205139522660119
0.7037373495902710	0.8205759829395732	0.0000000000000000	1.0810139689132543	0.0000000000000000	0.8618985891198003
0.8599738436926634	-0.9960311194425117	0.0000000000000000	1.3159152718672416	0.0000000000000000	-0.8585737983123742
-0.0335164097792511	-0.4795961544277352	0.0000000000000000	0.4807658692818810	0.0000000000000000	-1.6405675407670115
0.2834191084477710	0.1703925008621177	0.0000000000000000	0.3306962282569550	0.0000000000000000	0.5413038037292527
0.2466218340686794	-0.8529087452313691	0.0000000000000000	0.8878488929607040	0.0000000000000000	-1.2893196049446138
0.9581106188631918	0.5347226185429743	0.0000000000000000	1.0972257000088286	0.0000000000000000	0.5090416048042342
0.4766486204096958	0.0238497596433673	0.0000000000000000	0.4772449249321701	0.0000000000000000	0.0499946601256758
-0.7406402046170281	0.3936284609462278	0.0000000000000000	0.8387438691054911	0.0000000000000000	2.6530867085075496
0.0238854731844742	0.0567461275568246	0.0000000000000000	0.0615681640293232	0.0000000000000000	1.1723881444985254
0.5203909061479809	-0.4062597456462395	0.0000000000000000	0.6601921509182489	0.0000000000000000	-0.6628500966004487
0.6593122747527701	-0.0810886587320904	0.0000000000000000	0.6642800962053896	0.0000000000000000	-0.1223751945124359
0.7286717165144128	0.9005977446186272	0.0000000000000000	1.1584639692542098	0.0000000000000000	0.8905324701401214
-0.2200953177284440	-0.8101295098326917	0.0000000000000000	0.8394949503050879	0.0000000000000000	-1.8360725805056155
0.8785048576207292	0.6610802395597527	0.0000000000000000	1.0994534405783620	0.0000000000000000	0.6451030664239382
0.5627936002072760	0.9573154115676511	0.0000000000000000	1.1104906274522124	0.0000000000000000	1.0393308128635530
0.1554557974216288	0.5544770160508842	0.0000000000000000	0.5758569842249783	0.0000000000000000	1.2974494441918887
-0.8667062716979327	0.4971903843232598	0.0000000000000000	0.9991886907206473	0.0000000000000000	2.6207697661650693
-0.7215971320046816	0.4607472311914675	0.0000000000000000	0.8561486039047108	0.0000000000000000	2.5733369725214983
-0.7943714486313075	0.1425145175569336	0.0000000000000000	0.8070541407582812	0.0000000000000000	2.9640757266812758
0.0002608551705306	0.0111677697481697	0.0000000000000000	0.0111708158416530	0.0000000000000000	1.5474427161824984
-0.7069842026466047	0.2651208390313833	0.0000000000000000	0.7550600784577080	0.0000000000000000	2.7828197970233002
-0.0932339370197890	-0.7592801512377156	0.0000000000000000	0.7649829508399376	0.0000000000000000	-1.6929772333017501
-0.5218218123842029	0.6689784169498318	0.0000000000000000	0.8484280324368340	0.0000000000000000	2.2332399507146645
0.6493721595294373	0.2301474424270461	0.0000000000000000	0.6889499595962216	0.0000000000000000	0.3406028622662862
0.5027850455226515	0.7090335835117771	0.0000000000000000	0.8692073541731955	0.0000000000000000	0.9539802964218058
0.2550037895103920	-0.5891023799222885	0.0000000000000000	0.6419256551149554	0.0000000000000000	-1.1622800170938712
0.5880134126581262	0.4726163711957385	0.0000000000000000	0.7544044059972635	0.0000000000000000	0.6770239588632612
-0.4309860876861284	0.9964626750768539	0.0000000000000000	1.0856734640767063	0.0000000000000000	1.9790158624122063
-0.7920670013285563	-0.0355361484202162	0.0000000000000000	0.7928637666321717	0.0000000000000000	-3.0967576411009090
0.5629770648504859	-0.1447624247457184	0.0000000000000000	0.5812910933137786	0.0000000000000000	-0.2516847964714535
0.3540705106828119	0.6947066521407363	0.0000000000000000	0.7797328126119724	0.0000000000000000	1.0994433962800629
0.5061107551158778	0.6852027436053187	0.0000000000000000	0.8518514520080483	0.0000000000000000	0.9346123361163743
-0.8321428823354738	0.5870682205899297	0.0000000000000000	1.0183864061583974	0.0000000000000000	2.5271918305409362
-0.8369500308726974	-0.8404204469627304	0.0000000000000000	1.1860825780066262	0.0000000000000000	-2.3541255309587843
0.4294356294799665	0.1415674812321498	0.0000000000000000	0.4521684549028936	0.0000000000000000	0.3184403555455635
0.9306288222687180	0.0477706574946866	0.0000000000000000	0.9318540875881458	0.0000000000000000	0.0512865764312656
0.2571095283497248	0.3631797711801659	0.0000000000000000	0.4449773654498569	0.0000000000000000	0.9547612816101525
0.2221419174911382	0.3735411667411928	0.0000000000000000	0.4346033073470694	0.0000000000000000	1.0342889604660197
-0.0309299369336496	0.9369966367938238	0.0000000000000000	0.9375069911001499	0.0000000000000000	1.6037940014073020
-0.7451747280678899	-0.1243540439102442	0.0000000000000000	0.7554795189731384	0.0000000000000000	-2.9762373489214755
0.3875118691597702	0.2918177378579616	0.0000000000000000	0.4851010625305173	0.0000000000000000	0.6454534223734629
0.5713564436532527	0.5609142620964569	0.0000000000000000	0.8006703411063165	0.0000000000000000	0.7761760882542542
-0.1518496333459379	0.0396985204005581	0.0000000000000000	0.1569531257072930	0.0000000000000000	2.8858827073603321
0.4064168897272564	0.9710354854093730	0.0000000000000000	1.0526559752263764	0.0000000000000000	1.1744103212907777
0.0539048468490123	0.6300770216708976	0.0000000000000000	0.6323786727519235	0.0000000000000000	1.4854513536122085
0.5676861571139018	-0.7471359728851893	0.0000000000000000	0.9383388167169937	0.0000000000000000	-0.9210422738725950
0.8833543766081191	0.7960145688677045	0.0000000000000000	1.1890980399119142	0.0000000000000000	0.7334374608474032
0.0502386763099912	0.9651916428940266	0.0000000000000000	0.9664982318193087	0.0000000000000000	1.5187927888892687
0.3305235706282456	0.8580253702094528	0.0000000000000000	0.9194853814302397	0.0000000000000000	1.2031009349373587
0.5384097431812065	0.7397206071131034	0.0000000000000000	0.9149161864019191	0.0000000000000000	0.9416189539217688
0.8504098582517138	0.9481575348128334	0.0000000000000000	1.2736560123652105	0.0000000000000000	0.8396922696740635
0.1330445834596216	-0.1277234670940020	0.0000000000000000	0.1844292418095808	0.0000000000000000	-0.7649954415471859
0.0566966899581766	0.9826878029740981	0.0000000000000000	0.9843220168045991	0.0000000000000000	1.5131646914109396
0.8709007180648274	0.2876622106287287	0.0000000000000000	0.9171791581526691	0.0000000000000000	0.3190219087708873
-0.9612190124109825	0.9503534905139837	0.0000000000000000	1.3517077149859200	0.0000000000000000	2.3618785041994719
0.1860546101252114	-0.0582078244969975	0.0000000000000000	0.1949473487419557	0.0000000000000000	-0.3032068296165155
-0.2795588313250069	-0.6771005597696764	0.0000000000000000	0.7325423593296245	0.0000000000000000	-1.9623535167706845
0.3519873216568472	-0.7930022357344697	0.0000000000000000	0.8676102929812602	0.0000000000000000	-1.1530545089145749
0.6873412068935579	0.4214358858696543	0.0000000000000000	0.8062543895028622	0.0000000000000000	0.5500247520124723
0.6334271292093053	0.1912814498221531	0.0000000000000000	0.6616785632498660	0.0000000000000000	0.2932710514319897
0.7483302628034771	0.7374794194777838	0.0000000000000000	1.0506541183381000	0.0000000000000000	0.7780953099051452
0.9557260125426689	-0.3423008625494998	0.0000000000000000	1.0151758919285077	0.0000000000000000	-0.3439239077982842
0.0261759053584362	0.5652510590452072	0.0000000000000000	0.5658568173779142	0.0000000000000000	1.5245209279234668
0.4214586988591786	0.3144387760572260	0.0000000000000000	0.5258318920838085	0.0000000000000000	0.6409828137082989
-0.1159368840707505	-0.9465234436605673	0.0000000000000000	0.9535973943374079	0.0000000000000000	-1.6926762921710163
0.7482136269464225	-0.0077052847671536	0.0000000000000000	0.7482533013369624	0.0000000000000000	-0.0102978776588184
0.3575733392802575	0.8459772286069734	0.0000000000000000	0.9184422487481558	0.0000000000000000	1.1708967083799877
-0.5883018343217795	0.5218037607521122	0.0000000000000000	0.7863702772876262	0.0000000000000000	2.4160254703977411
0.9667020050639908	-0.5593921288037138	0.0000000000000000	1.1168850972066422	0.0000000000000000	-0.5245807851784259
0.0301299972742376	0.8381611317267782	0.0000000000000000	0.8387025095188754	0.0000000000000000	1.5348640605603205
0.4373422030582396	-0.5813774740191217	0.0000000000000000	0.7275080548507274	0.0000000000000000	-0.9258556760063793
0.2069070770910101	-0.1879521994333199	0.0000000000000000	0.2795291895709062	0.0000000000000000	-0.7374308519323771
0.7324209055025097	0.4682061549813736	0.0000000000000000	0.8692855608944384	0.0000000000000000	0.5687868479332560
-0.6414666623123825	0.6637266692502162	0.0000000000000000	0.9230452699256814	0.0000000000000000	2.3391411935577953
-0.6740271752071604	0.9301201440619473	0.0000000000000000	1.1486671037805347	0.0000000000000000	2.1978860728831027
0.1781003546572608	0.1996228489419591	0.0000000000000000	0.2675238646340665	0.0000000000000000	0.8423161584191706
-0.0085219372591850	-0.2744708227301379	0.0000000000000000	0.2746030880103286	0.0000000000000000	-1.6018349644503960
0.3965528474831532	-0.3928163986683106	0.0000000000000000	0.5581745998428611	0.0000000000000000	-0.7806647374024887
-0.8323044543698485	-0.6795459517023081	0.0000000000000000	1.0744828547905672	0.0000000000000000	-2.4568934841480687
0.0148900082131522	-0.0306556042449693	0.0000000000000000	0.0340804697181820	0.0000000000000000	-1.1186386824523156
0.0471459553099438	0.4560324355831319	0.0000000000000000	0.4584630011309207	0.0000000000000000	1.4677794031649636
0.3584389058209405	-0.2185881562931165	0.0000000000000000	0.4198323847415025	0.0000000000000000	-0.5476188690205488
0.5489207862842500	0.7388356557940529	0.0000000000000000	0.9204304188191237	0.0000000000000000	0.9318200344086450
-0.9714332142847492	0.0138575768250171	0.0000000000000000	0.9715320490087090	0.0000000000000000	3.1273285366495807
